00000000000000000000000000000000000000000000000000000000000000000000000000000000000000000000000000000000000000000000000000000000000000000000000000000000000000000000000000000000000000000000000000000000
00000000000000000000000000000000000000000000000000000000000000000000000000000000000000000000000000000000000000000000000000000000000000000000000000000000000000000000000000000000000000000000000000000000
00000000000000000000000000000000000000000000000000000000000000000000000000000000000000000000000000000000000000000000000000000000000000000000000000000000000000000000000000000000000000000000000000000000
00000000000000000000000000000000000000000000000000000000000000000000000000000000000000000000000000000000000000000000000000000000000000000000000000000000000000000000000000000000000000000000000000000000
00000000000000000000000000000000000000000000000000000000000000000000000000000000000000000000000000000000000000000000000000000000000000000000000000000000000000000000000000000000000000000000000000000000
00000000000000000000000000000000000000000000000000000000000000000000000000000000000000000000000000000000000000000000000000000000000000000000000000000000000000000000000000000000000000000000000000000000
00000000000000000000000000000000000000000000000000000000000000000000000000000000000000000000000000000000000000000000000000000000000000000000000000000000000000000000000000000000000000000000000000000000
00000000000000000000000000000000000000000000000000000000000000000000000000000000000000000000000000000000000000000000000000000000000000000000000000000000000000000000000000000000000000000000000000000000
00000000000000000000000000000000000000000000000000000000000000000000000000000000000000000000000000000000000000000000000000000000000000000000000000000000000000000000000000000000000000000000000000000000
00000000000000000000000000000000000000000000000000000000000000000000000000000000000000000000000000000000000000000000000000000000000000000000000000000000000000000000000000000000000000000000000000000000
00000000000000000000000000000000000000000000000000000000000000000000000000000000000000000000000000000000000000000000000000000000000000000000000000000000000000000000000000000000000000000000000000000000
00000000000000000000000000000000000000000000000000000000000000000000000000000000000000000000000000000000000000000000000000000000000000000000000000000000000000000000000000000000000000000000000000000000
00000000000000000000000000000000000000000000000000000000000000000000000000000000000000000000000000000000000000000000000000000000000000000000000000000000000000000000000000000000000000000000000000000000
00000000000000000000000000000000000000000000000000000000000000000000000000000000000000000000000000000000000000000000000000000000000000000000000000000000000000000000000000000000000000000000000000000000
00000000000000000000000000000000000000000000000000000000000000000000000000000000000000000000000000000000000000000000000000000000000000000000000000000000000000000000000000000000000000000000000000000000
00000000000000000000000000000000000000000000000000000000000000000000000000000000000000000000000000000000000000000000000000000000000000000000000000000000000000000000000000000000000000000000000000000000
00000000000000000000000000000000000000000000000000000000000000000000000000000000000000000000000000000000000000000000000000000000000000000000000000000000000000000000000000000000000000000000000000000000
00000000000000000000000000000000000000000000000000000000000000000000000000000000000000000000000000000000000000000000000000000000000000000000000000000000000000000000000000000000000000000000000000000000
00000000000000000000000000000000000000000000000000000000000000000000000000000000000000000000000000000000000000000000000000000000000000000000000000000000000000000000000000000000000000000000000000000000
00000000000000000000000000000000000000000000000000000000000000000000000000000000000000000000000000000000000000000000000000000000000000000000000000000000000000000000000000000000000000000000000000000000
00000000000000000000000000111111111111110011111111100000001110000111110111000111111100001110111000111001110111000000000011111000000011111111000001110001110111111011111111111000000000000000000000000000
00000000000000000000000000111111111111110011111111111100011110111111110111000111111100001111111100111001110111110000000011111000001111111111000001111111110111111111111111111110000000000000000000000000
00000000000000000000000001110001111111100011111011111100011100111111111100000011111100000111011100000000000111110111000011111000011110111111000001111111111111111110111111111110000000000000000000000000
00000000000000000000000001110001111111100000000000011100011111111111111100001111111000000111111111100111000001110111111001111100011111111111111001111111111111111110111101111110000000000000000000000000
00000000000000000000000001110000000011100000111100111110001111101110111100111110111000000001110011100111000000000111111001111100011111111110111011111111111111101110111101110110000000000000000000000000
00000000000000000000000001100000000111101110111100111110001111100000000011111110000000000001110011111111000000000001111001111111000111000011111011111111111111101111111111100110000000000000000000000000
00000000000000000000000001111000000111101110111100111110001111100011100011111000000000111000000000111111000111000000000000001111000111111111111011111111111000111111111111111110000000000000000000000000
00000000000000000000000001111000011111101110111000000000001110000011100011100111000000111000000000111111001111111110000000001111111111111111111011101110000011111111110011111100000000000000000000000000
00000000000000000000000001111000011111111100000000000000001111110011100000000111000011111000000000011111111111111110000000001111111111111110000111111111001111111111111111111110000000000000000000000000
00000000000000000000000000000000011101111101111100000000001111110111000000000111000011101110000000011100111111111110000000011111111111111110111111111111001111111111111111110110000000000000000000000000
00000000000000000000000000000000000001111101111100011110000001110111000000000011100011101111000000011100111111000000000001111111111111111110111111111111001111111101111111110110000000000000000000000000
00000000000000000000000000000111000001110001111111011111000000000111000000001111110000001111111011111100000111000000011101111110000111110000111000011100001111111111110111111110000000000000000000000000
00000000000000000000000000001111000000001110111111011111000000000000000000001111110000000111111011100000001110000111011111111000000111111000001110001111001111100011110111111110000000000000000000000000
00000000000000000000000000001111100000001110111111000111000000000001110000111111110000000000111011100001111110000111011111111111000111111100001110001111001111111011111111111110000000000000000000000000
00000000000000000000000001111111111100001111110000011100111000001111110000111100000111001110111100111001111110000111110011101111000001111100001110001111111111111111111111110110000000000000000000000000
00000000000000000000000001110111111100000001111100011100111011101111110111111100000111001110011100111001110000000001110000001111000001111110111100011111111111111111111111111110000000000000000000000000
00000000000000000000000001110111011100000001111100011111111011101111000111011100000111101110011111111001110000000001110001111111000000001110111111111111111111111111111111111110000000000000000000000000
00000000000000000000000001100111011100000000011100000011111011100111110111000001110011100000001111110001110000000111110001110111000000011110111111111111011111111111111111111110000000000000000000000000
00000000000000000000000000011111011100000111001110000111111011110111110001110001110011100011101111111110000000011111110001111111001110011100111111101111111111111111111111111110000000000000000000000000
00000000000000000000000000011111000000000111111111000111111011110001110001110001110000000011100001111110000000011111000001111100001110011100111111000001111111000111111111001110000000000000000000000000
00000000000000000000000000011100011100000111111111000000000000000000000000000000000000000000000000000000000000000000000000000000000000000000000000000000000000000000000000000000000000000000000000000000
00000000000000000000000001111100011100000111111111000000000000000000000000000000000000000000000000000000000000000000000000000000000000000000000000000000000000000000000000000000000000000000000000000000
00000000000000000000000001100000011100000111000000000000000000000000000000000000000000000000000000000000000000000000000000000000000000000000000000000000000000000000000000000000000000000000000000000000
00000000000000000000000001100000011111100111000111000000000000000000000000000000000000000000000000000000000000000000000000000000000000000000000000000000000000000000000000000000000000000000000000000000
00000000000000000000000001110000011111111100000111000000000000000000000000000000000000000000000000000000000000000000000000000000000000000000000000000000000000000000000000000000000000000000000000000000
00000000000000000000000001110000000111111100000111000000000000000000000000000000000000000000000000000000000000000000000000000000000000000000000000000000000000000000000000000000000000000000000000000000
00000000000000000000000001110111000000011100000000000000000000000000000000000000000000000000000000000000000000000000000000000000000000000000000000000000000000000000000000000000000000000000000000000000
00000000000000000000000000011111000000000000000000000000000000000000000000000000000000000000000000000000000000000000000000000000000000000000000000000000000000000000000000000000000000000000000000000000
00000000000000000000000000011111000000000000000000000000000000000000000000000000000000000000000000000000000000000000000000000000000000000000000000000000000000000000000000000000000000000000000000000000
00000000000000000000000001111101111111111000000000000000000000000000000000000000000000000000000000000000000000000000000000000000000000000000000000000000000000000000000000000000000000000000000000000000
00000000000000000000000001110001111111111111011100000000000000000000000000000000000000000000000000000000000000000000000000000000000000000000000000000000000000000000000000000000000000000000000000000000
00000000000000000000000001110001111111111111011100000000000000000000000000000000000000000000000000000000000000000000000000000000000000000000000000000000000000000000000000000000000000000000000000000000
00000000000000000000000000000000011100000111011100000000000000000000000000000000000000000000000000000000000000000000000000000000000000000000000000000000000000000000000000000000000000000000000000000000
00000000000000000000000001100000011100111111111000000000000000000000000000000000000000000000000000000000000000000000000000000000000000000000000000000000000000000000000000000000000000000000000000000000
00000000000000000000000001100000000000111000111000000000000000000000000000000000000000000000000000000000000000000000000000000000000000000000000000000000000000000000000000000000000000000000000000000000
00000000000000000000000001100000000000111100111000000000000000000000000000000000000000000000000000000000000000000000000000000000000000000000000000000000000000000000000000000000000000000000000000000000
00000000000000000000000000000000000111011100011111000000000000000000000000000000000000000000000000000000000000000000000000000000000000000000000000000000000000000000000000000000000000000000000000000000
00000000000000000000000000000000000111011100011111000000000000000000000000000000000000000000000000000000000000000000000000000000000000000000000000000000000000000000000000000000000000000000000000000000
00000000000000000000000000000000000111000000111111000000000000000000000000000000000000000000000000000000000000000000000000000000000000000000000000000000000000000000000000000000000000000000000000000000
00000000000000000000000000000000000111000000111000000000000000000000000000000000000000000000000000000000000000000000000000000000000000000000000000000000000000000000000000000000000000000000000000000000
00000000000000000000000000000111000111000001111000000000000000000000000000000000000000000000000000000000000000000000000000000000000000000000000000000000000000000000000000000000000000000000000000000000
00000000000000000000000000011111000000000001110111000000000000000000000000000000000000000000000000000000000000000000000000000000000000000000000000000000000000000000000000000000000000000000000000000000
00000000000000000000000000011111100000000111110111000000000000000000000000000000000000000000000000000000000000000000000000000000000000000000000000000000000000000000000000000000000000000000000000000000
00000000000000000000000000011111100000000111000111000000000000000000000000000000000000000000000000000000000000000000000000000000000000000000000000000000000000000000000000000000000000000000000000000000
00000000000000000000000001100011100000000111000011000000000000000000000000000000000000000000000000000000000000000000000000000000000000000000000000000000000000000000000000000000000000000000000000000000
00000000000000000000000001100011111000000000000011000000000000000000000000000000000000000000000000000000000000000000000000000000000000000000000000000000000000000000000000000000000000000000000000000000
00000000000000000000000001100011111000000000000011000000000000000000000000000000000000000000000000000000000000000000000000000000000000000000000000000000000000000000000000000000000000000000000000000000
00000000000000000000000000000011111100000000000000000000000000000000000000000000000000000000000000000000000000000000000000000000000000000000000000000000000000000000000000000000000000000000000000000000
00000000000000000000000001100001111111000111000111000000000000000000000000000000000000000000000000000000000000000000000000000000000000000000000000000000000000000000000000000000000000000000000000000000
00000000000000000000000001100000011111001111000111000000000000000000000000000000000000000000000000000000000000000000000000000000000000000000000000000000000000000000000000000000000000000000000000000000
00000000000000000000000001100000000111001111000111000000000000000000000000000000000000000000000000000000000000000000000000000000000000000000000000000000000000000000000000000000000000000000000000000000
00000000000000000000000000000000001111001110111000000000000000000000000000000000000000000000000000000000000000000000000000000000000000000000000000000000000000000000000000000000000000000000000000000000
00000000000000000000000001100000001110000000111000000000000000000000000000000000000000000000000000000000000000000000000000000000000000000000000000000000000000000000000000000000000000000000000000000000
00000000000000000000000001100000001110000000111000000000000000000000000000000000000000000000000000000000000000000000000000000000000000000000000000000000000000000000000000000000000000000000000000000000
00000000000000000000000001111100000111100000000000000000000000000000000000000000000000000000000000000000000000000000000000000000000000000000000000000000000000000000000000000000000000000000000000000000
00000000000000000000000001111100000111100000111000000000000000000000000000000000000000000000000000000000000000000000000000000000000000000000000000000000000000000000000000000000000000000000000000000000
00000000000000000000000001111100000111100000111111000000000000000000000000000000000000000000000000000000000000000000000000000000000000000000000000000000000000000000000000000000000000000000000000000000
00000000000000000000000000001110000011100000111111000000000000000000000000000000000000000000000000000000000000000000000000000000000000000000000000000000000000000000000000000000000000000000000000000000
00000000000000000000000000001110000011100000111111000000000000000000000000000000000000000000000000000000000000000000000000000000000000000000000000000000000000000000000000000000000000000000000000000000
00000000000000000000000000001110000011100000111000000000000000000000000000000000000000000000000000000000000000000000000000000000000000000000000000000000000000000000000000000000000000000000000000000000
00000000000000000000000001100000111000000000111000000000000000000000000000000000000000000000000000000000000000000000000000000000000000000000000000000000000000000000000000000000000000000000000000000000
00000000000000000000000001100000111000111000000000000000000000000000000000000000000000000000000000000000000000000000000000000000000000000000000000000000000000000000000000000000000000000000000000000000
00000000000000000000000001100000111000111011111100000000000000000000000000000000000000000000000000000000000000000000000000000000000000000000000000000000000000000000000000000000000000000000000000000000
00000000000000000000000000000000000011111011111100000000000000000000000000000000000000000000000000000000000000000000000000000000000000000000000000000000000000000000000000000000000000000000000000000000
00000000000000000000000000000000000011110111111100000000000000000000000000000000000000000000000000000000000000000000000000000000000000000000000000000000000000000000000000000000000000000000000000000000
00000000000000000000000000000000000011110111001110000111110000001110000011100011101110001110000001110111000111000111000011111111110011111111101111111100001111000011100000000000000000000000000000000000
00000000000000000000000000000000000000000111001111100111110001111110000011100011101110001110111111110111110111110111110011111111110011111111101111111100111111111111100000000000000000000000000000000000
00000000000000000000000001100000000000000000001111111111110001110000000011111100011100000000111111110111111001111101111101111111101111111111110111000000111111111111100000000000000000000000000000000000
00000000000000000000000001100000000000000001111111111111000001110111001111111100011111110011111111000001111001111111111100000111101110111111111111001111111111111111100000000000000000000000000000000000
00000000000000000000000001100000000000000001110000111111001110000111111111111100011111110011101111000000111011111111111100001111101111111111111111001111001111111111100000000000000000000000000000000000
00000000000000000000000001111100011100000001110000000111001110000111111110000000001111110111101110000000001111111111111100001111001111110011101111001111101111111111100000000000000000000000000000000000
00000000000000000000000001111100011100000000000000000000001110000000111000000000011110000111111111000000001111111111011100001111001111110000011111001111101111111111100000000000000000000000000000000000
00000000000000000000000001111100011100000000000000000000001110001111110111000000011100000111111111101110011111111111000000111111111111111100011100001111101111111111100000000000000000000000000000000000
00000000000000000000000001110000000000000000001110000000000011101111110111111000011100000011111111101111111111000000000000111111111111111100011100000111111111111111100000000000000000000000000000000000
00000000000000000000000001110000011111000000001111101110000011101111110111111000011100000011100111111111111111111111000000111111111111111111011100000111111111110011100000000000000000000000000000000000
00000000000000000000000001110000011111000000001111101110000011100000000000111001111110000011100111111011111110111111000111000001110111111111011101111111111111110011100000000000000000000000000000000000
00000000000000000000000000000000011111000000000111101110000000000000000000000001111110000011100000111001111100111111111111000001110011111111011111111100011111111111100000000000000000000000000000000000
00000000000000000000000000000000011110000000000111000000000000011100111000000011111111100011100011100001110011100001111111011111111011111100011111111100111101111111100000000000000000000000000000000000
00000000000000000000000000000000011110000000000000000000000000011111111000111111111111100000000011100001110011100001111110011111111111111101111111111100111001111111100000000000000000000000000000000000
00000000000000000000000000000000011101110000000000000000000000011111111001111111111011111000011111100111110011111000001111111111111110000011110001111100111111111111100000000000000000000000000000000000
00000000000000000000000001100111000001110000000000000000000000011111100001111111111000111011111110111111000000111100000011101111111110111011110111111100111111011111100000000000000000000000000000000000
00000000000000000000000001100111001111110000000001110000000000000011101111110000111000111011111110111111100000111101111111100111101110111011100111111100111111111111100000000000000000000000000000000000
00000000000000000000000001100111111110000000000001110111011100000011101111100000000000111011110000111011100011111101111111111111101110111111111111001110011111111111100000000000000000000000000000000000
00000000000000000000000000000000111110000000000001110111011100000111101111111000000000000001110011111111101111111111111110011111111111111111111000001111111111111111100000000000000000000000000000000000
00000000000000000000000000000000111011100000000000000111011100000111100011111000000000000001110011101110001111111111110000011111110001111111111000001111111110111111100000000000000000000000000000000000
00000000000000000000000000000000000011100000000000000000000000000000000000000000000000000000000000000000000000000000000000000000000000000000000000000000000000000000000000000000000000000000000000000000
00000000000000000000000000000000000011100011100111000000000000000000000000000000000000000000000000000000000000000000000000000000000000000000000000000000000000000000000000000000000000000000000000000000
00000000000000000000000000011100000000000011101111000000000000000000000000000000000000000000000000000000000000000000000000000000000000000000000000000000000000000000000000000000000000000000000000000000
00000000000000000000000000011100000000000011111111000000000000000000000000000000000000000000000000000000000000000000000000000000000000000000000000000000000000000000000000000000000000000000000000000000
00000000000000000000000000011111000000000001111110000000000000000000000000000000000000000000000000000000000000000000000000000000000000000000000000000000000000000000000000000000000000000000000000000000
00000000000000000000000000000111110011100111110000000000000000000000000000000000000000000000000000000000000000000000000000000000000000000000000000000000000000000000000000000000000000000000000000000000
00000000000000000000000000000111110011110111000000000000000000000000000000000000000000000000000000000000000000000000000000000000000000000000000000000000000000000000000000000000000000000000000000000000
00000000000000000000000000000001110111110111100000000000000000000000000000000000000000000000000000000000000000000000000000000000000000000000000000000000000000000000000000000000000000000000000000000000
00000000000000000000000000000000000111110011100000000000000000000000000000000000000000000000000000000000000000000000000000000000000000000000000000000000000000000000000000000000000000000000000000000000
00000000000000000000000000000000001111000011100000000000000000000000000000000000000000000000000000000000000000000000000000000000000000000000000000000000000000000000000000000000000000000000000000000000
00000000000000000000000001111000001111000000000000000000000000000000000000000000000000000000000000000000000000000000000000000000000000000000000000000000000000000000000000000000000000000000000000000000
00000000000000000000000001111000001111000000001110000000000000000000000000000000000000000000000000000000000000000000000000000000000000000000000000000000000000000000000000000000000000000000000000000000
00000000000000000000000001111000000111000000001110000000000000000000000000000000000000000000000000000000000000000000000000000000000000000000000000000000000000000000000000000000000000000000000000000000
00000000000000000000000000000000001110000000001110000000000000000000000000000000000000000000000000000000000000000000000000000000000000000000000000000000000000000000000000000000000000000000000000000000
00000000000000000000000000000000011110111000011100000000000000000000000000000000000000000000000000000000000000000000000000000000000000000000000000000000000000000000000000000000000000000000000000000000
00000000000000000000000000111001111110111000011100000000000000000000000000000000000000000000000000000000000000000000000000000000000000000000000000000000000000000000000000000000000000000000000000000000
00000000000000000000000000111001111100111000011100000000000000000000000000000000000000000000000000000000000000000000000000000000000000000000000000000000000000000000000000000000000000000000000000000000
00000000000000000000000000111001111100000000001111000000000000000000000000000000000000000000000000000000000000000000000000000000000000000000000000000000000000000000000000000000000000000000000000000000
00000000000000000000000000001110011100000001111111000000000000000000000000000000000000000000000000000000000000000000000000000000000000000000000000000000000000000000000000000000000000000000000000000000
00000000000000000000000000111110011100000001111111000000000000000000000000000000000000000000000000000000000000000000000000000000000000000000000000000000000000000000000000000000000000000000000000000000
00000000000000000000000000111111011100000001111000000000000000000000000000000000000000000000000000000000000000000000000000000000000000000000000000000000000000000000000000000000000000000000000000000000
00000000000000000000000000111111000000000000111000000000000000000000000000000000000000000000000000000000000000000000000000000000000000000000000000000000000000000000000000000000000000000000000000000000
00000000000000000000000000111111000000001110111000000000000000000000000000000000000000000000000000000000000000000000000000000000000000000000000000000000000000000000000000000000000000000000000000000000
00000000000000000000000000111100000011101110111000000000000000000000000000000000000000000000000000000000000000000000000000000000000000000000000000000000000000000000000000000000000000000000000000000000
00000000000000000000000000111100000011111110000000000000000000000000000000000000000000000000000000000000000000000000000000000000000000000000000000000000000000000000000000000000000000000000000000000000
00000000000000000000000001100000000011111111100000000000000000000000000000000000000000000000000000000000000000000000000000000000000000000000000000000000000000000000000000000000000000000000000000000000
00000000000000000000000001111111001110011111100000000000000000000000000000000000000000000000000000000000000000000000000000000000000000000000000000000000000000000000000000000000000000000000000000000000
00000000000000000000000001111111001110011111100111000000000000000000000000000000000000000000000000000000000000000000000000000000000000000000000000000000000000000000000000000000000000000000000000000000
00000000000000000000000001111111011110011100000111000000000000000000000000000000000000000000000000000000000000000000000000000000000000000000000000000000000000000000000000000000000000000000000000000000
00000000000000000000000001110011111100011111000111000000000000000000000000000000000000000000000000000000000000000000000000000000000000000000000000000000000000000000000000000000000000000000000000000000
00000000000000000000000000000011111111000111000000000000000000000000000000000000000000000000000000000000000000000000000000000000000000000000000000000000000000000000000000000000000000000000000000000000
00000000000000000000000000111011110111111111000000000000000000000000000000000000000000000000000000000000000000000000000000000000000000000000000000000000000000000000000000000000000000000000000000000000
00000000000000000000000000111000000111111000000000000000000000000000000000000000000000000000000000000000000000000000000000000000000000000000000000000000000000000000000000000000000000000000000000000000
00000000000000000000000000111111100000111111000000000000000000000000000000000000000000000000000000000000000000000000000000000000000000000000000000000000000000000000000000000000000000000000000000000000
00000000000000000000000001110111110011100111000000000000000000000000000000000000000000000000000000000000000000000000000000000000000000000000000000000000000000000000000000000000000000000000000000000000
00000000000000000000000001110111110011100111111100000000000000000000000000000000000000000000000000000000000000000000000000000000000000000000000000000000000000000000000000000000000000000000000000000000
00000000000000000000000001110111111111100111111111000000000000000000000000000000000000000000000000000000000000000000000000000000000000000000000000000000000000000000000000000000000000000000000000000000
00000000000000000000000000000111001110000111111111000000000000000000000000000000000000000000000000000000000000000000000000000000000000000000000000000000000000000000000000000000000000000000000000000000
00000000000000000000000000000000111110000111011111000000000000000000000000000000000000000000000000000000000000000000000000000000000000000000000000000000000000000000000000000000000000000000000000000000
00000000000000000000000000111111111000000111000000000000000000000000000000000000000000000000000000000000000000000000000000000000000000000000000000000000000000000000000000000000000000000000000000000000
00000000000000000000000000111111111000000111000000000000000000000000000000000000000000000000000000000000000000000000000000000000000000000000000000000000000000000000000000000000000000000000000000000000
00000000000000000000000000111111001111100000000000000000000000000000000000000000000000000000000000000000000000000000000000000000000000000000000000000000000000000000000000000000000000000000000000000000
00000000000000000000000000000000001111100000111000000000000000000000000000000000000000000000000000000000000000000000000000000000000000000000000000000000000000000000000000000000000000000000000000000000
00000000000000000000000001100011111111111110111000000000000000000000000000000000000000000000000000000000000000000000000000000000000000000000000000000000000000000000000000000000000000000000000000000000
00000000000000000000000001100011110111111110111000000000000000000000000000000000000000000000000000000000000000000000000000000000000000000000000000000000000000000000000000000000000000000000000000000000
00000000000000000000000001110011111111111110000111111111111000000111000001111111100011111111111100011110001111100111011100001111100000111111111111101110011111111111111111111110000000000000000000000000
00000000000000000000000001110000011100000000000111111111111111111111001111111111100011111111111100111110011111100111011111111111100000111111111111101110011111111111111111111110000000000000000000000000
00000000000000000000000001111110011100000001110111110011111111111000001111111100000000011111111100111001111101111000111111111111111000011111110011111111111111111111111111111110000000000000000000000000
00000000000000000000000001111110011111100001110111000011101111111100001111111100000111000000011100111001111111111000111111111111111110001111110011111111111111110111111111111110000000000000000000000000
00000000000000000000000001111111100011100001110111000011111000011101110001111100000111011111011100000111111111111110111101111111111110111111110111111111111111110111111111111110000000000000000000000000
00000000000000000000000000001111100011111000000000000011111000011101111111111000000111011111011110011111011110011111011111111111111110111111110111111111111111111111111111111110000000000000000000000000
00000000000000000000000000001111100011111100000000111000111111111101111111111000000111011111001110011111011100011111000011111111111100111011110111111100111111111111111100111110000000000000000000000000
00000000000000000000000000001111111011111111000011111111001111111100001111111001111110111111111110011111000000011111111111111111111111100111111111111110011111111111111100111110000000000000000000000000
00000000000000000000000000000001111011111111011111111111101111110000001111100001111110111111110000011111000000001110111110111111111111101111011111111111111111111111111101111110000000000000000000000000
00000000000000000000000000111111111111101111011111111111100000000001111111111101111110111101110000011100000000011100111110011111101111101111011111111111111111111111111111111110000000000000000000000000
00000000000000000000000000111111111111001110011100111111100000000001110111111101111110011100000000011111111100011111000000011111111110111110001111111111111111111111111111111110000000000000000000000000
00000000000000000000000000111111111111111111111100001110011110000001111111011100111110011100000000011111111100111111000000011110011111111000011100111111111111111111111111111110000000000000000000000000
00000000000000000000000001100001111000111011111100000001111110001111111100000111111111000000000001111111111110111111011111111110011111111111011100111111011111111110111111111110000000000000000000000000
00000000000000000000000001101111111110111011111000000001111110001111111100000111110111011111111001111111111110111111011111111100001111111111011100111111110011100000111111111110000000000000000000000000
00000000000000000000000001101110111110000011111111000001111100111111000001110111110111111111111001110001111110111111011111111110001111111111101110011101111001111111100001111110000000000000000000000000
00000000000000000000000001111110111111100011111111000001111110111111001111110001111111111111111100000011111011111111100011101111101111111111111110011111111001111111100111111110000000000000000000000000
00000000000000000000000001111110111111111111111111000111111110111111001111110000001111111000111111100011111011111011111111101111101111111111111110011111111111111111100111111110000000000000000000000000
00000000000000000000000000111111111111111111111110000111001111000111001110000000001111111000111111110011111111100011111100000111100011111111111100011111111111111111011111111110000000000000000000000000
00000000000000000000000000111111110111111111111110111111000111011111101111110000000001110000111111110001111110111111111110011111101111111111111110011111111111111111011111111100000000000000000000000000
00000000000000000000000000111001110111110111001110111000000111011111100001110000000001110000000111110000111110111111101110011111101111111111111110011111111111111111011111111000000000000000000000000000
00000000000000000000000000000000000000000000000000000000000000000000000000000000000000000000000000000000000000000000000000000000000000000000000000000000000000000000000000000000000000000000000000000000
00000000000000000000000000000000000000000000000000000000000000000000000000000000000000000000000000000000000000000000000000000000000000000000000000000000000000000000000000000000000000000000000000000000
00000000000000000000000000000000000000000000000000000000000000000000000000000000000000000000000000000000000000000000000000000000000000000000000000000000000000000000000000000000000000000000000000000000
00000000000000000000000000000000000000000000000000000000000000000000000000000000000000000000000000000000000000000000000000000000000000000000000000000000000000000000000000000000000000000000000000000000
00000000000000000000000000000000000000000000000000000000000000000000000000000000000000000000000000000000000000000000000000000000000000000000000000000000000000000000000000000000000000000000000000000000
00000000000000000000000000000000000000000000000000000000000000000000000000000000000000000000000000000000000000000000000000000000000000000000000000000000000000000000000000000000000000000000000000000000
00000000000000000000000000000000000000000000000000000000000000000000000000000000000000000000000000000000000000000000000000000000000000000000000000000000000000000000000000000000000000000000000000000000
00000000000000000000000000000000000000000000000000000000000000000000000000000000000000000000000000000000000000000000000000000000000000000000000000000000000000000000000000000000000000000000000000000000
00000000000000000000000000000000000000000000000000000000000000000000000000000000000000000000000000000000000000000000000000000000000000000000000000000000000000000000000000000000000000000000000000000000
00000000000000000000000000000000000000000000000000000000000000000000000000000000000000000000000000000000000000000000000000000000000000000000000000000000000000000000000000000000000000000000000000000000
00000000000000000000000000000000000000000000000000000000000000000000000000000000000000000000000000000000000000000000000000000000000000000000000000000000000000000000000000000000000000000000000000000000
00000000000000000000000000000000000000000000000000000000000000000000000000000000000000000000000000000000000000000000000000000000000000000000000000000000000000000000000000000000000000000000000000000000
00000000000000000000000000000000000000000000000000000000000000000000000000000000000000000000000000000000000000000000000000000000000000000000000000000000000000000000000000000000000000000000000000000000
00000000000000000000000000000000000000000000000000000000000000000000000000000000000000000000000000000000000000000000000000000000000000000000000000000000000000000000000000000000000000000000000000000000
00000000000000000000000000000000000000000000000000000000000000000000000000000000000000000000000000000000000000000000000000000000000000000000000000000000000000000000000000000000000000000000000000000000
00000000000000000000000000000000000000000000000000000000000000000000000000000000000000000000000000000000000000000000000000000000000000000000000000000000000000000000000000000000000000000000000000000000
00000000000000000000000000000000000000000000000000000000000000000000000000000000000000000000000000000000000000000000000000000000000000000000000000000000000000000000000000000000000000000000000000000000
00000000000000000000000000000000000000000000000000000000000000000000000000000000000000000000000000000000000000000000000000000000000000000000000000000000000000000000000000000000000000000000000000000000
00000000000000000000000000000000000000000000000000000000000000000000000000000000000000000000000000000000000000000000000000000000000000000000000000000000000000000000000000000000000000000000000000000000
00000000000000000000000000000000000000000000000000000000000000000000000000000000000000000000000000000000000000000000000000000000000000000000000000000000000000000000000000000000000000000000000000000000
00000000000000000000000000000000000000000000000000000000000000000000000000000000000000000000000000000000000000000000000000000000000000000000000000000000000000000000000000000000000000000000000000000000
00000000000000000000000000000000000000000000000000000000000000000000000000000000000000000000000000000000000000000000000000000000000000000000000000000000000000000000000000000000000000000000000000000000
00000000000000000000000000000000000000000000000000000000000000000000000000000000000000000000000000000000000000000000000000000000000000000000000000000000000000000000000000000000000000000000000000000000
00000000000000000000000000000000000000000000000000000000000000000000000000000000000000000000000000000000000000000000000000000000000000000000000000000000000000000000000000000000000000000000000000000000
00000000000000000000000000000000000000000000000000000000000000000000000000000000000000000000000000000000000000000000000000000000000000000000000000000000000000000000000000000000000000000000000000000000
00000000000000000000000000000000000000000000000000000000000000000000000000000000000000000000000000000000000000000000000000000000000000000000000000000000000000000000000000000000000000000000000000000000
00000000000000000000000000000000000000000000000000000000000000000000000000000000000000000000000000000000000000000000000000000000000000000000000000000000000000000000000000000000000000000000000000000000
00000000000000000000000000000000000000000000000000000000000000000000000000000000000000000000000000000000000000000000000000000000000000000000000000000000000000000000000000000000000000000000000000000000
00000000000000000000000000000000000000000000000000000000000000000000000000000000000000000000000000000000000000000000000000000000000000000000000000000000000000000000000000000000000000000000000000000000
00000000000000000000000000000000000000000000000000000000000000000000000000000000000000000000000000000000000000000000000000000000000000000000000000000000000000000000000000000000000000000000000000000000
